 1   |  LMC            |  79.64101 | -68.81836 | 1.00      |  0.0       |  300.00    |  -1.93     | 0.01      | 300.00    | -1.99      | 0.01       | 300.00    | -4.78     | 0.05      | 300.00     | -7.15     | 0.05          |  0.06     | 0.02    | 2.79    |  0.06
 2   |  SMC            |  13.18660 | -72.82860 | 1.00      |  0.0       |  166.67    |  0.56      | 0.01      | 166.67    | 0.62       | 0.01       | 166.67    | -0.93     | 0.01      | 166.67     | -3.48     | 0.01          | -0.06     | 0.02    | 1.55    |  0.02
 3   |  MESSIER31      |  10.68479 |  41.26907 | 0.35      |  37.3      |  111.44    |  0.08      | 0.01      | 111.44    | 0.13       | 0.01       | 111.44    | -1.95     | 0.01      | 111.44     | -3.09     | 0.01          | -0.05     | 0.02    | 2.08    |  0.02
 4   |  MESSIER33      |  23.46204 |  30.66022 | 0.59      |  18.9      |  31.64     |  3.09      | 0.01      | 31.64     | 3.02       | 0.01       | 31.64     | -0.17     | 0.01      | 31.64      | -1.94     | 0.01          |  0.07     | 0.02    | 3.19    |  0.02
 5   |  NGC0253        |  11.88844 | -25.28827 | 0.28      |  53.0      |  21.13     |  3.46      | 0.01      | 21.13     | 3.27       | 0.01       | 21.13     | -0.54     | 0.04      | 21.13      | -2.94     | 0.04          |  0.19     | 0.02    | 3.81    |  0.05
 6   |  NGC5128        | 201.36481 | -43.01954 | 0.77      |  33.8      |  19.64     |  3.01      | 0.01      | 19.64     | 2.98       | 0.01       | 19.64     | 0.45      | 0.01      | 19.64      | -1.25     | 0.01          |  0.03     | 0.02    | 2.53    |  0.02
 7   |  NGC0055        |   3.72192 | -39.19775 | 0.19      |  108.9     |  19.49     |  5.45      | 0.01      | 19.49     | 5.36       | 0.01       | 19.49     | 2.80      | 0.01      | 19.49      | 0.29      | 0.01          |  0.09     | 0.02    | 2.56    |  0.02
 8   |  MESSIER81      | 148.88837 |  69.06528 | 0.56      |  156.7     |  14.67     |  3.60      | 0.01      | 14.67     | 3.61       | 0.01       | 14.67     | 1.84      | 0.03      | 14.67      | 0.45      | 0.03          | -0.01     | 0.02    | 1.77    |  0.04
 9   |  MESSIER101     | 210.80225 |  54.34893 | 0.92      |  33.3      |  14.50     |  5.22      | 0.01      | 14.50     | 5.10       | 0.01       | 14.50     | 1.62      | 0.01      | 14.50      | -0.28     | 0.01          |  0.12     | 0.02    | 3.48    |  0.02
 10  |  NGC4945        | 196.36409 | -49.46816 | 0.37      |  43.4      |  12.98     |  4.07      | 0.01      | 12.98     | 3.87       | 0.01       | 12.98     | 0.31      | 0.01      | 12.98      | -1.56     | 0.01          |  0.20     | 0.02    | 3.56    |  0.02
 11  |  IC0342         |  56.70144 |  68.09635 | 0.95      |  75.5      |  12.98     |  3.97      | 0.01      | 12.98     | 3.89       | 0.01       | 12.98     | 0.23      | 0.01      | 12.98      | -1.81     | 0.01          |  0.08     | 0.02    | 3.66    |  0.02
 12  |  NGC1316        |  50.67380 | -37.20796 | 0.64      |  34.7      |  12.82     |  5.08      | 0.01      | 10.03     | 5.14       | 0.01       | 3.38      | 4.49      | 0.01      | 3.38       | 3.24      | 0.02          | -0.06     | 0.02    | 0.65    |  0.02
 13  |  MESSIER49      | 187.44489 |   8.00050 | 0.77      |  152.0     |  12.75     |  4.95      | 0.01      | 9.73      | 5.08       | 0.01       | 2.58      | 4.82      | 0.01      | 2.58       | 3.92      | 0.03          | -0.13     | 0.02    | 0.26    |  0.02
 14  |  MESSIER86      | 186.54897 |  12.94619 | 0.62      |  127.2     |  11.88     |  5.48      | 0.01      | 9.05      | 5.58       | 0.01       | 1.74      | 5.96      | 0.01      | 1.74       | 5.10      | 0.05          | -0.10     | 0.02    |-0.38    |  0.02
 15  |  MAFFEI1        |  39.14779 |  59.65487 | 0.77      |  89.3      |  11.54     |  3.94      | 0.01      | 10.33     | 3.96       | 0.02       | 1.74      | 4.18      | 0.01      | 2.12       | 2.80      | 0.01          | -0.02     | 0.03    |-0.22    |  0.03
 16  |  MESSIER110     |  10.09197 |  41.68548 | 0.50      |  168.2     |  11.36     |  5.32      | 0.01      | 10.10     | 5.41       | 0.01       | 10.10     | 4.65      | 0.02      | 10.10      | 3.34      | 0.06          | -0.09     | 0.02    | 0.76    |  0.03
 17  |  MESSIER104     | 189.99765 | -11.62305 | 0.46      |  90.7      |  11.04     |  4.62      | 0.01      | 9.28      | 4.66       | 0.01       | 3.67      | 3.74      | 0.01      | 3.67       | 2.57      | 0.02          | -0.04     | 0.02    | 0.92    |  0.02
 18  |  NGC2403        | 114.20885 |  65.60103 | 0.53      |  124.1     |  10.94     |  5.69      | 0.01      | 10.94     | 5.59       | 0.01       | 10.94     | 2.26      | 0.01      | 10.94      | 0.28      | 0.01          |  0.10     | 0.02    | 3.33    |  0.02
 19  |  NGC0247        |  11.78529 | -20.76036 | 0.30      |  171.9     |  10.90     |  6.49      | 0.01      | 10.90     | 6.52       | 0.01       | 10.90     | 4.06      | 0.01      | 10.90      | 2.28      | 0.02          | -0.03     | 0.02    | 2.46    |  0.02
 20  |  MESSIER106     | 184.73955 |  47.30408 | 0.46      |  152.0     |  10.67     |  5.23      | 0.01      | 10.67     | 5.19       | 0.01       | 10.67     | 2.75      | 0.01      | 10.67      | 1.09      | 0.01          |  0.04     | 0.02    | 2.44    |  0.02
 21  |  MESSIER87      | 187.70593 |  12.39113 | 0.79      |  152.9     |  10.37     |  5.32      | 0.01      | 6.88      | 5.46       | 0.01       | 1.86      | 5.14      | 0.01      | 1.86       | 3.84      | 0.02          | -0.14     | 0.02    | 0.32    |  0.02
 22  |  NGC3628        | 170.07085 |  13.58912 | 0.23      |  105.1     |  10.20     |  5.76      | 0.01      | 8.24      | 5.64       | 0.01       | 8.24      | 2.44      | 0.01      | 8.24       | 0.51      | 0.01          |  0.12     | 0.02    | 3.20    |  0.02
 23  |  NGC0300        |  13.72251 | -37.68413 | 0.77      |  123.2     |  10.03     |  5.73      | 0.01      | 10.03     | 5.73       | 0.01       | 10.03     | 3.13      | 0.01      | 10.03      | 1.28      | 0.02          |  0.00     | 0.02    | 2.60    |  0.02
 24  |  NGC4736        | 192.72110 |  41.12020 | 0.89      |  105.6     |  9.64      |  4.77      | 0.01      | 7.19      | 4.78       | 0.01       | 7.19      | 2.03      | 0.01      | 7.19       | 0.32      | 0.01          | -0.01     | 0.02    | 2.75    |  0.02
 25  |  NGC6822        | 296.24115 | -14.80224 | 0.82      |  20.5      |  9.53      |  5.80      | 0.01      | 9.53      | 5.80       | 0.01       | 9.53      | 3.50      | 0.01      | 9.53       | 1.20      | 0.02          |  0.00     | 0.02    | 2.30    |  0.02
 26  |  NGC1532        |  63.01807 | -32.87421 | 0.24      |  32.2      |  9.44      |  6.43      | 0.01      | 7.40      | 6.41       | 0.01       | 7.40      | 3.61      | 0.01      | 7.40       | 2.00      | 0.01          |  0.02     | 0.02    | 2.80    |  0.02
 27  |  NGC5236        | 204.25296 | -29.86598 | 0.95      |  161.4     |  9.33      |  4.24      | 0.01      | 9.33      | 4.12       | 0.01       | 9.33      | 0.32      | 0.01      | 9.33       | -1.86     | 0.01          |  0.12     | 0.02    | 3.80    |  0.02
 28  |  NGC0147        |   8.30052 |  48.50901 | 0.57      |  28.7      |  9.28      |  6.57      | 0.01      | 7.52      | 6.69       | 0.01       | 7.52      | 4.84      | 0.01      | null       | null      | null          | -0.12     | 0.02    | 1.85    |  0.02
 29  |  NGC6744        | 287.44211 | -63.85751 | 0.70      |  11.9      |  9.14      |  5.49      | 0.01      | 9.14      | 5.47       | 0.01       | 9.14      | 2.27      | 0.01      | 9.14       | 0.68      | 0.01          |  0.02     | 0.02    | 3.20    |  0.02
 30  |  MESSIER63      | 198.95549 |  42.02931 | 0.60      |  103.4     |  8.73      |  5.26      | 0.01      | 8.73      | 5.20       | 0.01       | 8.73      | 1.88      | 0.01      | 8.73       | 0.25      | 0.01          |  0.06     | 0.02    | 3.32    |  0.02
 31  |  NGC1553        |  64.04361 | -55.78003 | 0.79      |  153.1     |  8.70      |  5.89      | 0.01      | 6.21      | 6.00       | 0.01       | 2.25      | 5.38      | 0.01      | 2.25       | 4.27      | 0.02          | -0.11     | 0.02    | 0.62    |  0.02
 32  |  NGC1399        |  54.62093 | -35.45040 | 0.85      |  78.0      |  8.66      |  5.82      | 0.01      | 6.73      | 5.94       | 0.01       | 2.05      | 5.71      | 0.01      | 2.05       | 4.86      | 0.04          | -0.12     | 0.02    | 0.23    |  0.02
 33  |  NGC4236        | 184.17477 |  69.46757 | 0.30      |  158.0     |  8.66      |  7.91      | 0.01      | 8.66      | 7.99       | 0.01       | 8.66      | 5.97      | 0.02      | 8.66       | 3.09      | 0.03          | -0.08     | 0.02    | 2.02    |  0.03
 34  |  NGC4565        | 189.08658 |  25.98755 | 0.19      |  136.3     |  8.54      |  5.76      | 0.01      | 8.54      | 5.71       | 0.01       | 8.54      | 3.21      | 0.01      | 8.54       | 1.66      | 0.01          |  0.05     | 0.02    | 2.50    |  0.02
 35  |  Maffei2        |  40.47926 |  59.60422 | 0.44      |  27.7      |  8.50      |  4.76      | 0.01      | 8.50      | 4.58       | 0.01       | 8.50      | 1.07      | 0.01      | 8.50       | -1.03     | 0.01          |  0.18     | 0.02    | 3.51    |  0.02
 36  |  NGC4631        | 190.53334 |  32.54174 | 0.27      |  83.2      |  8.27      |  6.01      | 0.01      | 8.27      | 5.80       | 0.01       | 8.27      | 1.99      | 0.01      | 8.27       | -0.06     | 0.01          |  0.21     | 0.02    | 3.81    |  0.02
 37  |  MESSIER60      | 190.91643 |  11.55272 | 0.82      |  99.3      |  8.23      |  5.38      | 0.01      | 6.28      | 5.47       | 0.01       | 2.17      | 5.04      | 0.01      | 2.17       | 3.98      | 0.04          | -0.09     | 0.02    | 0.43    |  0.02
 38  |  NGC4636        | 190.70770 |   2.68779 | 0.68      |  147.7     |  8.06      |  6.07      | 0.01      | 6.45      | 6.17       | 0.01       | 1.65      | 6.17      | 0.01      | 1.65       | 4.95      | 0.05          | -0.10     | 0.02    | 0.00    |  0.02
 39  |  NGC2768        | 137.90607 |  60.03756 | 0.32      |  91.7      |  7.98      |  6.76      | 0.01      | 5.89      | 6.83       | 0.01       | 1.80      | 6.67      | 0.01      | 1.80       | 5.62      | 0.06          | -0.07     | 0.02    | 0.16    |  0.02
 40  |  NGC3585        | 168.32115 | -26.75477 | 0.57      |  109.0     |  7.94      |  6.28      | 0.01      | 5.76      | 6.40       | 0.01       | 1.34      | 6.30      | 0.01      | 1.34       | 5.35      | 0.06          | -0.12     | 0.02    | 0.10    |  0.02
 41  |  ESO270-G017    | 203.70584 | -45.54919 | 0.18      |  107.5     |  7.94      |  8.55      | 0.01      | 6.05      | 8.72       | 0.01       | 6.05      | 6.27      | 0.02      | 6.05       | 3.98      | 0.03          | -0.17     | 0.02    | 2.45    |  0.03
 42  |  MESSIER51a     | 202.46959 |  47.19518 | 0.67      |  17.6      |  7.72      |  5.09      | 0.01      | 7.72      | 4.97       | 0.01       | 7.72      | 1.19      | 0.01      | 7.72       | -0.61     | 0.01          |  0.12     | 0.02    | 3.78    |  0.02
 43  |  NGC3115        | 151.30800 |  -7.71870 | 0.56      |  41.7      |  7.69      |  5.59      | 0.01      | 5.65      | 5.64       | 0.01       | 1.57      | 5.47      | 0.01      | 1.57       | 4.61      | 0.03          | -0.05     | 0.02    | 0.17    |  0.02
 44  |  NGC3923        | 177.75705 | -28.80606 | 0.88      |  40.6      |  7.66      |  5.98      | 0.01      | 5.89      | 6.12       | 0.01       | 1.32      | 6.15      | 0.01      | 1.32       | 5.33      | 0.06          | -0.14     | 0.02    |-0.03    |  0.02
 45  |  NGC4365        | 186.11780 |   7.31775 | 0.68      |  35.6      |  7.53      |  6.27      | 0.01      | 5.48      | 6.44       | 0.01       | 0.85      | 6.86      | 0.01      | 0.85       | 5.82      | 0.05          | -0.17     | 0.02    |-0.42    |  0.02
 46  |  NGC1313        |  49.56689 | -66.49796 | 0.63      |  173.3     |  7.47      |  6.71      | 0.01      | 7.47      | 6.64       | 0.01       | 7.47      | 3.51      | 0.01      | 7.47       | 1.03      | 0.01          |  0.07     | 0.02    | 3.13    |  0.02
 47  |  MESSIER84      | 186.26555 |  12.88707 | 0.97      |  16.3      |  7.46      |  5.73      | 0.01      | 5.50      | 5.82       | 0.01       | 1.31      | 5.81      | 0.01      | 1.31       | 4.87      | 0.05          | -0.09     | 0.02    | 0.01    |  0.02
 48  |  NGC0185        |   9.74029 |  48.33795 | 0.74      |  49.0      |  7.45      |  6.23      | 0.01      | 5.81      | 6.34       | 0.01       | 2.06      | 5.52      | 0.01      | 2.06       | 4.65      | 0.04          | -0.11     | 0.02    | 0.82    |  0.02
 49  |  NGC6946        | 308.71796 |  60.15392 | 0.91      |  51.5      |  7.45      |  5.01      | 0.01      | 7.45      | 4.84       | 0.01       | 7.45      | 0.94      | 0.01      | 7.45       | -1.04     | 0.01          |  0.17     | 0.02    | 3.90    |  0.02
 50  |  NGC1395        |  54.62383 | -23.02732 | 0.81      |  146.5     |  7.42      |  6.45      | 0.01      | 5.63      | 6.57       | 0.01       | 1.32      | 6.41      | 0.01      | 1.32       | 5.47      | 0.07          | -0.12     | 0.02    | 0.16    |  0.02
 51  |  IC0010         |   5.07196 |  59.30388 | 0.87      |  125.8     |  7.33      |  5.11      | 0.01      | 7.00      | 5.04       | 0.01       | 3.87      | 2.35      | 0.01      | 3.87       | -0.33     | 0.01          |  0.07     | 0.02    | 2.69    |  0.02
 52  |  NGC4517        | 188.18965 |   0.11525 | 0.18      |  81.9      |  7.22      |  7.08      | 0.01      | 7.22      | 6.99       | 0.01       | 7.22      | 3.91      | 0.01      | 7.22       | 2.11      | 0.01          |  0.09     | 0.02    | 3.08    |  0.02
 53  |  NGC1291        |  49.32742 | -41.10804 | 0.98      |  44.7      |  7.22      |  5.35      | 0.01      | 7.22      | 5.39       | 0.01       | 7.22      | 4.30      | 0.01      | 7.22       | 3.10      | 0.04          | -0.04     | 0.02    | 1.09    |  0.02
 54  |  NGC2683        | 133.17226 |  33.42194 | 0.19      |  42.0      |  7.16      |  6.14      | 0.01      | 6.26      | 6.10       | 0.01       | 6.26      | 3.79      | 0.01      | 6.26       | 2.65      | 0.02          |  0.04     | 0.02    | 2.31    |  0.02
 55  |  NGC4697        | 192.14961 |  -5.80060 | 0.81      |  49.9      |  7.13      |  6.00      | 0.01      | 5.27      | 6.10       | 0.01       | 1.32      | 6.02      | 0.01      | 1.32       | 4.81      | 0.04          | -0.10     | 0.02    | 0.08    |  0.02
 56  |  NGC3521        | 166.45242 |  -0.03587 | 0.62      |  165.4     |  7.13      |  5.44      | 0.01      | 4.93      | 5.38       | 0.01       | 4.93      | 1.98      | 0.01      | 4.93       | 0.33      | 0.01          |  0.06     | 0.02    | 3.40    |  0.02
 57  |  NGC3109        | 150.79233 | -26.16096 | 0.31      |  91.7      |  7.09      |  8.00      | 0.01      | 7.09      | 8.01       | 0.01       | 7.09      | 6.66      | 0.04      | null       | null      | null          | -0.01     | 0.02    | 1.35    |  0.05
 58  |  NGC0891        |  35.63731 |  42.34778 | 0.25      |  22.9      |  7.09      |  5.51      | 0.01      | 7.09      | 5.30       | 0.01       | 7.09      | 1.97      | 0.01      | 7.09       | 0.23      | 0.01          |  0.21     | 0.02    | 3.33    |  0.02
 59  |  MESSIER85      | 186.35025 |  18.19108 | 0.78      |  18.4      |  7.09      |  5.79      | 0.01      | 5.76      | 5.86       | 0.01       | 1.73      | 5.67      | 0.01      | 1.73       | 4.57      | 0.04          | -0.07     | 0.02    | 0.19    |  0.02
 60  |  NGC4244        | 184.37286 |  37.80739 | 0.19      |  46.5      |  7.08      |  7.51      | 0.01      | 7.08      | 7.46       | 0.01       | 7.08      | 5.34      | 0.01      | 7.08       | 3.27      | 0.03          |  0.05     | 0.02    | 2.12    |  0.02
 61  |  NGC4762        | 193.23326 |  11.23105 | 0.29      |  27.8      |  7.08      |  7.11      | 0.01      | 5.16      | 7.19       | 0.01       | 1.61      | 6.96      | 0.02      | 1.61       | 6.18      | 0.10          | -0.08     | 0.02    | 0.23    |  0.03
 62  |  NGC5084        | 200.07019 | -21.82725 | 0.40      |  75.8      |  6.85      |  6.83      | 0.01      | 6.85      | 6.84       | 0.01       | 6.85      | 5.53      | 0.02      | 6.85       | 4.16      | 0.08          | -0.01     | 0.02    | 1.31    |  0.03
 63  |  NGC5907        | 228.97304 |  56.32876 | 0.19      |  154.3     |  6.76      |  6.47      | 0.01      | 6.76      | 6.35       | 0.01       | 6.76      | 3.24      | 0.01      | 6.76       | 1.57      | 0.01          |  0.12     | 0.02    | 3.11    |  0.02
 64  |  NGC4395        | 186.45364 |  33.54688 | 0.81      |  144.2     |  6.72      |  7.78      | 0.01      | 6.72      | 7.81       | 0.01       | 6.72      | 5.45      | 0.02      | 6.72       | 3.01      | 0.05          | -0.03     | 0.02    | 2.36    |  0.03
 65  |  NGC1407        |  55.04918 | -18.58000 | 1.00      |  178.7     |  6.63      |  6.20      | 0.01      | 5.25      | 6.32       | 0.01       | 1.28      | 6.22      | 0.01      | 1.28       | 5.44      | 0.07          | -0.12     | 0.02    | 0.10    |  0.02
 66  |  NGC3627        | 170.06262 |  12.99155 | 0.53      |  177.3     |  6.59      |  5.56      | 0.01      | 5.16      | 5.47       | 0.01       | 5.16      | 2.03      | 0.01      | 5.16       | 0.02      | 0.01          |  0.09     | 0.02    | 3.44    |  0.02
 67  |  NGC4438        | 186.94028 |  13.00887 | 0.44      |  29.6      |  6.53      |  6.79      | 0.01      | 5.50      | 6.81       | 0.01       | 1.87      | 5.32      | 0.01      | 1.87       | 3.82      | 0.02          | -0.02     | 0.02    | 1.49    |  0.02
 68  |  NGC1365        |  53.40142 | -36.14048 | 0.60      |  41.0      |  6.52      |  6.03      | 0.01      | 6.52      | 5.74       | 0.01       | 6.52      | 2.11      | 0.01      | 6.52       | -0.46     | 0.01          |  0.29     | 0.02    | 3.63    |  0.02
 69  |  NGC2903        | 143.04214 |  21.50136 | 0.49      |  21.5      |  6.48      |  5.67      | 0.01      | 6.48      | 5.58       | 0.01       | 6.48      | 2.07      | 0.01      | 6.48       | 0.09      | 0.01          |  0.09     | 0.02    | 3.51    |  0.02
 70  |  NGC5846        | 226.62210 |   1.60555 | 0.89      |  51.8      |  6.46      |  6.41      | 0.01      | 4.64      | 6.56       | 0.01       | 1.17      | 6.59      | 0.01      | 1.17       | 5.77      | 0.06          | -0.15     | 0.02    |-0.03    |  0.02
 71  |  NGC4725        | 192.61075 |  25.50079 | 0.63      |  40.0      |  6.44      |  6.09      | 0.01      | 5.12      | 6.15       | 0.01       | 5.12      | 3.99      | 0.01      | 5.12       | 2.62      | 0.02          | -0.06     | 0.02    | 2.16    |  0.02
 72  |  NGC1549        |  63.93811 | -55.59235 | 0.80      |  5.3       |  6.43      |  6.35      | 0.01      | 5.68      | 6.46       | 0.01       | 1.90      | 6.09      | 0.01      | 1.90       | 5.21      | 0.03          | -0.11     | 0.02    | 0.37    |  0.02
 73  |  WLM            |   0.49227 | -15.46099 | 0.33      |  2.9       |  6.43      |  8.93      | 0.01      | 6.43      | 9.00       | 0.01       | 6.43      | 8.36      | 0.20      | 6.43       | 5.47      | 0.26          | -0.07     | 0.02    | 0.64    |  0.21
 74  |  NGC2841        | 140.51106 |  50.97655 | 0.47      |  151.4     |  6.41      |  5.89      | 0.01      | 4.93      | 5.91       | 0.01       | 4.93      | 3.78      | 0.01      | 4.93       | 2.21      | 0.01          | -0.02     | 0.02    | 2.13    |  0.02
 75  |  CircinusGalaxy | 213.29146 | -65.33923 | 0.67      |  20.9      |  6.37      |  4.43      | 0.01      | 6.37      | 3.76       | 0.01       | 9.19      | -0.29     | 0.04      | 8.70       | -2.58     | 0.04          |  0.67     | 0.02    | 4.05    |  0.05
 76  |  NGC3621        | 169.56879 | -32.81405 | 0.48      |  162.0     |  6.33      |  6.33      | 0.02      | 5.23      | 6.21       | 0.02       | 5.23      | 2.57      | 0.01      | 5.23       | 0.85      | 0.01          |  0.12     | 0.03    | 3.64    |  0.03
 77  |  NGC5078        | 199.95856 | -27.41013 | 0.39      |  145.7     |  6.32      |  6.71      | 0.01      | 4.60      | 6.68       | 0.01       | 2.73      | 4.07      | 0.01      | 2.73       | 2.46      | 0.01          |  0.03     | 0.02    | 2.61    |  0.02
 78  |  NGC1023        |  40.10017 |  39.06337 | 0.47      |  84.0      |  6.30      |  6.04      | 0.01      | 4.52      | 6.12       | 0.01       | 1.60      | 5.94      | 0.01      | 1.60       | 5.01      | 0.05          | -0.08     | 0.02    | 0.18    |  0.02
 79  |  NGC7331        | 339.26675 |  34.41580 | 0.43      |  172.0     |  6.22      |  5.70      | 0.01      | 6.22      | 5.61       | 0.01       | 6.22      | 2.36      | 0.01      | 6.22       | 0.67      | 0.01          |  0.09     | 0.02    | 3.25    |  0.02
 80  |  MESSIER64      | 194.18185 |  21.68300 | 0.54      |  114.7     |  6.16      |  5.18      | 0.01      | 5.01      | 5.18       | 0.01       | 5.01      | 2.96      | 0.01      | 5.01       | 1.19      | 0.01          |  0.00     | 0.02    | 2.22    |  0.02
 81  |  MESSIER59      | 190.50938 |  11.64700 | 0.76      |  164.9     |  6.11      |  6.45      | 0.01      | 4.50      | 6.57       | 0.01       | 1.44      | 6.20      | 0.01      | 1.44       | 5.23      | 0.06          | -0.12     | 0.02    | 0.37    |  0.02
 82  |  NGC4696        | 192.20518 | -41.31093 | 0.62      |  97.9      |  6.07      |  6.66      | 0.01      | 5.06      | 6.74       | 0.01       | 1.62      | 6.63      | 0.01      | 1.62       | 5.54      | 0.06          | -0.08     | 0.02    | 0.11    |  0.02
 83  |  MESSIER82      | 148.96646 |  69.67978 | 0.79      |  54.1      |  6.06      |  4.07      | 0.01      | 6.06      | 3.61       | 0.01       | 8.01      | -0.96     | 0.01      | 8.49       | -4.14     | 0.01          |  0.46     | 0.02    | 4.57    |  0.02
 84  |  ESO274-001     | 228.55611 | -46.80931 | 0.16      |  36.6      |  5.91      |  7.91      | 0.01      | 5.91      | 7.93       | 0.01       | 5.91      | 6.94      | 0.08      | 5.91       | 3.04      | 0.02          | -0.02     | 0.02    | 0.99    |  0.09
 85  |  MESSIER77      |  40.66975 |  -0.01340 | 0.87      |  80.2      |  5.87      |  4.59      | 0.01      | 4.73      | 2.89       | 0.01       | 5.91      | -0.68     | 0.04      | 6.32       | -2.45     | 0.04          |  1.70     | 0.02    | 3.57    |  0.05
 86  |  NGC3077        | 150.82985 |  68.73387 | 0.73      |  38.5      |  5.84      |  6.80      | 0.01      | 4.51      | 6.76       | 0.01       | 2.64      | 4.12      | 0.01      | 2.64       | 1.64      | 0.01          |  0.04     | 0.02    | 2.64    |  0.02
 87  |  MESSIER65      | 169.73309 |  13.09245 | 0.34      |  171.3     |  5.84      |  5.90      | 0.01      | 4.91      | 5.92       | 0.01       | 4.91      | 4.16      | 0.01      | 4.91       | 2.78      | 0.02          | -0.02     | 0.02    | 1.76    |  0.02
 88  |  NGC7213        | 332.31741 | -47.16676 | 0.97      |  174.6     |  5.83      |  6.48      | 0.01      | 3.99      | 6.47       | 0.01       | 2.21      | 4.36      | 0.01      | 2.21       | 2.48      | 0.01          |  0.01     | 0.02    | 2.11    |  0.02
 89  |  IC0356         |  61.94514 |  69.81254 | 0.72      |  103.0     |  5.80      |  5.76      | 0.01      | 4.98      | 5.78       | 0.01       | 4.98      | 3.78      | 0.01      | 4.98       | 1.95      | 0.02          | -0.02     | 0.02    | 2.00    |  0.02
 90  |  NGC1560        |  68.20547 |  71.88394 | 0.22      |  24.4      |  5.79      |  8.59      | 0.01      | 4.51      | 8.75       | 0.01       | 1.56      | 7.71      | 0.04      | 1.56       | 5.55      | 0.04          | -0.16     | 0.02    | 1.04    |  0.05
 91  |  NGC2663        | 131.28387 | -33.79462 | 0.65      |  112.2     |  5.78      |  6.26      | 0.01      | 5.03      | 6.36       | 0.01       | 1.22      | 6.45      | 0.01      | 1.22       | 4.95      | 0.03          | -0.10     | 0.02    |-0.09    |  0.02
 92  |  NGC4216        | 183.97667 |  13.14956 | 0.26      |  20.7      |  5.77      |  6.36      | 0.01      | 4.71      | 6.38       | 0.01       | 4.71      | 4.24      | 0.01      | 4.71       | 2.89      | 0.02          | -0.02     | 0.02    | 2.14    |  0.02
 93  |  NGC1055        |  40.43828 |   0.44376 | 0.30      |  103.8     |  5.69      |  6.76      | 0.01      | 5.69      | 6.64       | 0.01       | 5.69      | 3.08      | 0.01      | 5.69       | 1.32      | 0.01          |  0.12     | 0.02    | 3.56    |  0.02
 94  |  NGC5170        | 202.45326 | -17.96646 | 0.17      |  127.3     |  5.67      |  7.43      | 0.01      | 4.74      | 7.41       | 0.01       | 4.74      | 5.24      | 0.01      | 4.74       | 3.79      | 0.02          |  0.02     | 0.02    | 2.17    |  0.02
 95  |  MESSIER98      | 183.45123 |  14.90056 | 0.28      |  155.7     |  5.64      |  6.71      | 0.01      | 5.64      | 6.67       | 0.01       | 5.64      | 3.83      | 0.01      | 5.64       | 2.21      | 0.02          |  0.04     | 0.02    | 2.84    |  0.02
 96  |  NGC2997        | 146.41144 | -31.19094 | 0.78      |  99.2      |  5.62      |  6.15      | 0.01      | 5.62      | 6.03       | 0.01       | 5.62      | 2.35      | 0.01      | 5.62       | 0.54      | 0.01          |  0.12     | 0.02    | 3.68    |  0.02
 97  |  NGC4125        | 182.02449 |  65.17439 | 0.71      |  83.9      |  5.61      |  6.50      | 0.01      | 4.03      | 6.59       | 0.01       | 1.44      | 6.27      | 0.01      | 1.44       | 5.20      | 0.04          | -0.09     | 0.02    | 0.32    |  0.02
 98  |  NGC7793        | 359.45728 | -32.59102 | 0.62      |  97.9      |  5.60      |  6.52      | 0.01      | 5.60      | 6.43       | 0.01       | 5.60      | 3.21      | 0.01      | 5.60       | 1.55      | 0.01          |  0.09     | 0.02    | 3.22    |  0.02
 99  |  NGC5363        | 209.03012 |   5.25490 | 0.68      |  124.6     |  5.60      |  6.57      | 0.01      | 4.06      | 6.63       | 0.01       | 1.49      | 5.69      | 0.01      | 1.49       | 4.36      | 0.02          | -0.06     | 0.02    | 0.94    |  0.02
 100 |  NGC4217        | 183.96248 |  47.09152 | 0.17      |  49.3      |  5.59      |  7.23      | 0.01      | 4.20      | 7.09       | 0.01       | 4.20      | 3.74      | 0.01      | 4.20       | 2.07      | 0.01          |  0.14     | 0.02    | 3.35    |  0.02
 null|  IC1613         |  16.20089 |   2.11914 | 0.90      |  135.4     |  4.69      |  8.49      | 0.01      | 4.69      | 8.69       | 0.01       | null      | null      | null      | null       | null      | null          | -0.20     | 0.02    | null    |  null
 null|  MESSIER32      |  10.67439 |  40.86511 | 0.86      |  165.8     |  3.62      |  5.02      | 0.01      | 2.95      | 5.07       | 0.01       | 2.95      | 4.42      | 0.01      | 2.95       | 3.61      | 0.04          | -0.05     | 0.02    | 0.65    |  0.02
 null|  UGC05373       | 149.99974 |   5.33153 | 0.75      |  97.0      |  2.89      |  9.76      | 0.01      | 1.76      | 10.04      | 0.02       | null      | null      | null      | 1.76       | 6.69      | 0.35          | -0.28     | 0.03    | null    |  null
 null|  ESO245-007     |  27.77698 | -44.44341 | 0.81      |  11.2      |  2.18      |  11.06     | 0.01      | 2.18      | 11.28      | 0.04       | null      | null      | null      | null       | null      | null          | -0.22     | 0.05    | null    |  null
